104653
819041
739587
449244
268230
564387
818877
324940
893050
829206
786344
447799
261062
303056
355846
793378
863798
641635
156205
822428
163543
152699
910275
211642
909524
332832
17530
427528
1681
954421
732627
469105
77941
272000
916972
697457
991579
24312
526156
806912
310506
690185
998670
14616
125060
164259
66071
676843
929150
447138
35827
850365
542502
872887
180741
657201
965971
509838
963992
347759
496555
488724
870250
423741
888169
72680
261802
485371
866508
554215
638196
512130
930197
384776
291238
473950
466999
335068
914547
614090
585562
657039
666672
160385
230907
190256
211280
895252
946021
97963
188098
454944
628290
746109
893772
914480
442458
30878
553606
994396
547512
792900
414193
283186
156139
973956
203519
633142
556782
211218
779754
88372
217659
528325
347158
797542
406182
649598
578752
140920
566435
585884
595442
59150
395522
678959
616292
40269
535758
737148
155344
70565
250712
173346
815062
269897
941626
859493
475378
185135
605227
908741
587747
248121
283242
10559
933916
610185
752719
388352
259570
743962
435434
148841
475132
289461
459787
676322
331925
662396
740993
705156
980345
655859
124953
423642
447897
166024
967352
442076
49871
387017
527490
826293
757252
254181
698431
141383
69341
672213
838407
718709
309098
555273
131932
824650
328055
845930
742956
843628
216164
697016
422407
752287
727196
483842
921450
137670
581990
790030
160935
608144
293185
982837
445223
100677
786477
174053
556907
213689
422002
690541
674078
513323
870959
506836
97527
304298
651157
289680
589288
426949
122852
925029
802376
408805
528323
759890
470748
57786
218118
463133
719080
175694
879422
15423
270208
202795
806932
870853
725486
250688
151581
924018
591160
809392
954503
509830
754035
702397
892462
472901
422861
97586
960997
165070
903429
42270
388505
625729
652714
428248
278385
936421
709143
679800
734057
289978
134244
856286
857935
449263
460270
408130
804156
808038
31720
531879
10195
256657
389771
730204
662111
938463
760597
492699
105679
921858
274726
947005
735101
414064
347856
806646
641838
327723
153345
864104
477743
802177
588531
563603
23610
159210
371136
746935
485545
201103
496217
805579
13160
329139
940875
803514
67154
194435
616173
406260
483336
293136
375745
847817
585196
988524
142676
830574
511121
398078
585877
403516
986768
386033
963274
710775
447620
649531
618813
610472
411462
23103
361666
910339
402635
169638
504389
69120
91347
158252
465528
546564
491104
973497
862928
724283
252464
147688
213836
551806
566929
256443
633651
800890
39381
156781
493797
399105
794347
899364
145782
583252
52256
676025
579976
303128
580099
247856
788373
159131
837694
173243
132255
368545
800555
892286
3534
367276
564459
942933
140367
726722
461482
39493
5951
161406
956261
666520
816884
636543
57825
904027
605775
844256
184454
167373
519235
799244
200787
771024
139276
921365
921518
188813
972592
947666
249493
794890
768462
842553
781103
814365
517198
725214
146798
960688
138235
281430
869845
900863
400116
99514
283135
995635
76094
54697
55877
800544
107652
678884
612406
651299
245342
928599
507264
195022
507279
191600
413130
128607
703759
419597
229620
157567
658219
817866
595498
29892
306814
679587
453810
299867
69449
360917
965518
234174
615025
310903
410576
582900
898441
989844
566223
533551
832781
428906
83328
877788
33053
242989
57842
988398
157118
560011
794162
699439
884652
976117
519899
229793
338705
151791
593932
670967
731776
371062
935470
481850
451575
226133
520841
398287
