449244
268230
324940
893050
829206
786344
261062
303056
355846
793378
863798
822428
211642
909524
332832
17530
427528
272000
916972
24312
526156
806912
310506
998670
14616
125060
929150
447138
542502
509838
963992
488724
870250
72680
261802
866508
638196
512130
384776
291238
473950
335068
614090
585562
666672
190256
211280
895252
188098
454944
628290
893772
914480
442458
30878
553606
994396
547512
792900
283186
973956
633142
556782
211218
779754
88372
347158
797542
406182
649598
578752
140920
585884
595442
59150
395522
616292
535758
737148
155344
250712
173346
815062
941626
475378
283242
933916
388352
259570
743962
435434
475132
676322
662396
705156
423642
166024
967352
442076
527490
757252
309098
131932
824650
845930
742956
843628
216164
697016
727196
483842
921450
137670
581990
790030
608144
422002
674078
506836
304298
289680
589288
122852
802376
759890
470748
57786
218118
719080
175694
879422
270208
806932
725486
250688
924018
591160
809392
509830
892462
97586
165070
42270
652714
428248
679800
289978
134244
856286
460270
408130
804156
808038
31720
730204
921858
274726
414064
347856
806646
641838
864104
23610
159210
371136
13160
803514
67154
406260
483336
293136
585196
988524
142676
830574
398078
403516
986768
963274
447620
610472
411462
361666
169638
69120
158252
465528
546564
491104
862928
252464
147688
213836
551806
800890
899364
145782
583252
52256
579976
303128
247856
837694
892286
3534
367276
726722
461482
161406
666520
816884
844256
184454
799244
771024
139276
921518
972592
947666
794890
768462
517198
725214
146798
960688
281430
400116
99514
76094
800544
107652
678884
612406
245342
507264
195022
191600
413130
229620
817866
595498
29892
306814
453810
965518
234174
410576
582900
989844
428906
83328
877788
57842
988398
157118
794162
884652
593932
731776
371062
935470
481850